00000000010000100000110001000001010001100001110010000010010010100010110011000011010001010001001011
00000000010000100000110001000001010001100001110010000010010010100010110011000011010001010001001100
00000000010000100000110001000001010001100001110010000010010010100010110011000011010001010001001101
00000000010000100000110001000001010001100001110010000010010010100010110011000011010001010001001110
000000000100001000001100010000010100011000011100100000100100101000101100110000110100010100010011
000000000100001000001100010000010100011000011100100000100100101000101100110000110100010100010100
00000000010000100000110001000001010001100001110010000010010010100010110011000011010001010001010001
00000000010000100000110001000001010001100001110010000010010010100010110011000011010001010001010010
00000000010000100000110001000001010001100001110010000010010010100010110011000011010001010001010011
00000000010000100000110001000001010001100001110010000010010010100010110011000011010001010001010100
00000000010000100000110001000001010001100001110010000010010010100010110011000011010001010001010101
00000000010000100000110001000001010001100001110010000010010010100010110011000011010001010001010110
00000000010000100000110001000001010001100001110010000010010010100010110011000011010001010001010111
00000000010000100000110001000001010001100001110010000010010010100010110011000011010001010001011000
00000000010000100000110001000001010001100001110010000010010010100010110011000011010001010001011001
00000000010000100000110001000001010001100001110010000010010010100010110011000011010001010001011010
00000000010000100000110001000001010001100001110010000010010010100010110011000011010001010001011011
00000000010000100000110001000001010001100001110010000010010010100010110011000011010001010001011100
00000000010000100000110001000001010001100001110010000010010010100010110011000011010001010001011101
000000000100001000001100010000010100011000011100100000100100101000101100110000110100010100010110
000000000100001000001100010000010100011000011100100000100100101000101100110000110100010100010111
000000000100001000001100010000010100011000011100100000100100101000101100110000110100010100011000
000000000100001000001100010000010100011000011100100000100100101000101100110000110100010100011001
00000000010000100000110001000001010001100001110010000010010010100010110011000011010001010001100010
00000000010000100000110001000001010001100001110010000010010010100010110011000011010001010001100011
00000000010000100000110001000001010001100001110010000010010010100010110011000011010001010001100100
00000000010000100000110001000001010001100001110010000010010010100010110011000011010001010001100101
00000000010000100000110001000001010001100001110010000010010010100010110011000011010001010001100110
00000000010000100000110001000001010001100001110010000010010010100010110011000011010001010001100111
00000000010000100000110001000001010001100001110010000010010010100010110011000011010001010001101000
00000000010000100000110001000001010001100001110010000010010010100010110011000011010001010001101001
00000000010000100000110001000001010001100001110010000010010010100010110011000011010001010001101010
00000000010000100000110001000001010001100001110010000010010010100010110011000011010001010001101011
00000000010000100000110001000001010001100001110010000010010010100010110011000011010001010001101100
00000000010000100000110001000001010001100001110010000010010010100010110011000011010001010001101101
00000000010000100000110001000001010001100001110010000010010010100010110011000011010001010001101110
000000000100001000001100010000010100011000011100100000100100101000101100110000110100010100011011
000000000100001000001100010000010100011000011100100000100100101000101100110000110100010100011100
00000000010000100000110001000001010001100001110010000010010010100010110011000011010001010001110001
00000000010000100000110001000001010001100001110010000010010010100010110011000011010001010001110010
00000000010000100000110001000001010001100001110010000010010010100010110011000011010001010001110011
00000000010000100000110001000001010001100001110010000010010010100010110011000011010001010001110100
00000000010000100000110001000001010001100001110010000010010010100010110011000011010001010001110101
00000000010000100000110001000001010001100001110010000010010010100010110011000011010001010001110110
00000000010000100000110001000001010001100001110010000010010010100010110011000011010001010001110111
000000000100001000001100010000010100011000011100100000100100101000101100110000110100010100011000
000000000100001000001100010000010100011000011100100000100100101000101100110000110100010100011001
000000000100001000001100010000010100011000011100100000100100101000101100110000110100010100011010
000000000100001000001100010000010100011000011100100000100100101000101100110000110100010100011011
000000000100001000001100010000010100011000011100100000100100101000101100110000110100010100011100
000000000100001000001100010000010100011000011100100000100100101000101100110000110100010100011101
000000000100001000001100010000010100011000011100100000100100101000101100110000110100010100011110
000000000100001000001100010000010100011000011100100000100100101000101100110000110100010100011111
000000000100001000001100010000010100011000011100100000100100101000101100110000110100010100100000
000000000100001000001100010000010100011000011100100000100100101000101100110000110100010100100001
000000000100001000001100010000010100011000011100100000100100101000101100110000110100010100100010
000000000100001000001100010000010100011000011100100000100100101000101100110000110100010100100011
000000000100001000001100010000010100011000011100100000100100101000101100110000110100010100100100
000000000100001000001100010000010100011000011100100000100100101000101100110000110100010100100101
000000000100001000001100010000010100011000011100100000100100101000101100110000110100010100100110
000000000100001000001100010000010100011000011100100000100100101000101100110000110100010100100111
00000000010000100000110001000001010001100001110010000010010010100010110011000011010001010010001000
00000000010000100000110001000001010001100001110010000010010010100010110011000011010001010010001001
00000000010000100000110001000001010001100001110010000010010010100010110011000011010001010010001010
00000000010000100000110001000001010001100001110010000010010010100010110011000011010001010010001011
00000000010000100000110001000001010001100001110010000010010010100010110011000011010001010010001100
00000000010000100000110001000001010001100001110010000010010010100010110011000011010001010010001101
00000000010000100000110001000001010001100001110010000010010010100010110011000011010001010010001110
000000000100001000001100010000010100011000011100100000100100101000101100110000110100010100100011
000000000100001000001100010000010100011000011100100000100100101000101100110000110100010100100100
00000000010000100000110001000001010001100001110010000010010010100010110011000011010001010010010001
00000000010000100000110001000001010001100001110010000010010010100010110011000011010001010010010010
00000000010000100000110001000001010001100001110010000010010010100010110011000011010001010010010011
00000000010000100000110001000001010001100001110010000010010010100010110011000011010001010010010100
00000000010000100000110001000001010001100001110010000010010010100010110011000011010001010010010101
00000000010000100000110001000001010001100001110010000010010010100010110011000011010001010010010110
00000000010000100000110001000001010001100001110010000010010010100010110011000011010001010010010111
00000000010000100000110001000001010001100001110010000010010010100010110011000011010001010010011000
00000000010000100000110001000001010001100001110010000010010010100010110011000011010001010010011001
00000000010000100000110001000001010001100001110010000010010010100010110011000011010001010010011010
00000000010000100000110001000001010001100001110010000010010010100010110011000011010001010010011011
00000000010000100000110001000001010001100001110010000010010010100010110011000011010001010010011100
00000000010000100000110001000001010001100001110010000010010010100010110011000011010001010010011101
000000000100001000001100010000010100011000011100100000100100101000101100110000110100010100100110
000000000100001000001100010000010100011000011100100000100100101000101100110000110100010100100111
000000000100001000001100010000010100011000011100100000100100101000101100110000110100010100101000
000000000100001000001100010000010100011000011100100000100100101000101100110000110100010100101001
00000000010000100000110001000001010001100001110010000010010010100010110011000011010001010010100010
00000000010000100000110001000001010001100001110010000010010010100010110011000011010001010010100011
00000000010000100000110001000001010001100001110010000010010010100010110011000011010001010010100100
00000000010000100000110001000001010001100001110010000010010010100010110011000011010001010010100101
00000000010000100000110001000001010001100001110010000010010010100010110011000011010001010010100110
00000000010000100000110001000001010001100001110010000010010010100010110011000011010001010010100111
00000000010000100000110001000001010001100001110010000010010010100010110011000011010001010010101000
00000000010000100000110001000001010001100001110010000010010010100010110011000011010001010010101001
00000000010000100000110001000001010001100001110010000010010010100010110011000011010001010010101010
00000000010000100000110001000001010001100001110010000010010010100010110011000011010001010010101011
00000000010000100000110001000001010001100001110010000010010010100010110011000011010001010010101100
00000000010000100000110001000001010001100001110010000010010010100010110011000011010001010010101101
00000000010000100000110001000001010001100001110010000010010010100010110011000011010001010010101110
000000000100001000001100010000010100011000011100100000100100101000101100110000110100010100101011
000000000100001000001100010000010100011000011100100000100100101000101100110000110100010100101100
00000000010000100000110001000001010001100001110010000010010010100010110011000011010001010010110001
00000000010000100000110001000001010001100001110010000010010010100010110011000011010001010010110010
00000000010000100000110001000001010001100001110010000010010010100010110011000011010001010010110011
00000000010000100000110001000001010001100001110010000010010010100010110011000011010001010010110100
00000000010000100000110001000001010001100001110010000010010010100010110011000011010001010010110101
00000000010000100000110001000001010001100001110010000010010010100010110011000011010001010010110110
00000000010000100000110001000001010001100001110010000010010010100010110011000011010001010010110111
00000000010000100000110001000001010001100001110010000010010010100010110011000011010001010010111000
00000000010000100000110001000001010001100001110010000010010010100010110011000011010001010010111001
00000000010000100000110001000001010001100001110010000010010010100010110011000011010001010010111010
00000000010000100000110001000001010001100001110010000010010010100010110011000011010001010010111011
000000000100001000001100010000010100011000011100100000100100101000101100110000110100010100101100
000000000100001000001100010000010100011000011100100000100100101000101100110000110100010100101101
000000000100001000001100010000010100011000011100100000100100101000101100110000110100010100101110
000000000100001000001100010000010100011000011100100000100100101000101100110000110100010100101111
000000000100001000001100010000010100011000011100100000100100101000101100110000110100010100110000
000000000100001000001100010000010100011000011100100000100100101000101100110000110100010100110001
000000000100001000001100010000010100011000011100100000100100101000101100110000110100010100110010
000000000100001000001100010000010100011000011100100000100100101000101100110000110100010100110011
00000000010000100000110001000001010001100001110010000010010010100010110011000011010001010011000100
00000000010000100000110001000001010001100001110010000010010010100010110011000011010001010011000101
00000000010000100000110001000001010001100001110010000010010010100010110011000011010001010011000110
00000000010000100000110001000001010001100001110010000010010010100010110011000011010001010011000111
00000000010000100000110001000001010001100001110010000010010010100010110011000011010001010011001000
00000000010000100000110001000001010001100001110010000010010010100010110011000011010001010011001001
00000000010000100000110001000001010001100001110010000010010010100010110011000011010001010011001010
00000000010000100000110001000001010001100001110010000010010010100010110011000011010001010011001011
00000000010000100000110001000001010001100001110010000010010010100010110011000011010001010011001100
00000000010000100000110001000001010001100001110010000010010010100010110011000011010001010011001101
00000000010000100000110001000001010001100001110010000010010010100010110011000011010001010011001110
000000000100001000001100010000010100011000011100100000100100101000101100110000110100010100110011
000000000100001000001100010000010100011000011100100000100100101000101100110000110100010100110100
00000000010000100000110001000001010001100001110010000010010010100010110011000011010001010011010001
00000000010000100000110001000001010001100001110010000010010010100010110011000011010001010011010010
00000000010000100000110001000001010001100001110010000010010010100010110011000011010001010011010011
00000000010000100000110001000001010001100001110010000010010010100010110011000011010001010011010100
00000000010000100000110001000001010001100001110010000010010010100010110011000011010001010011010101
00000000010000100000110001000001010001100001110010000010010010100010110011000011010001010011010110
00000000010000100000110001000001010001100001110010000010010010100010110011000011010001010011010111
00000000010000100000110001000001010001100001110010000010010010100010110011000011010001010011011000
00000000010000100000110001000001010001100001110010000010010010100010110011000011010001010011011001
00000000010000100000110001000001010001100001110010000010010010100010110011000011010001010011011010
00000000010000100000110001000001010001100001110010000010010010100010110011000011010001010011011011
00000000010000100000110001000001010001100001110010000010010010100010110011000011010001010011011100
00000000010000100000110001000001010001100001110010000010010010100010110011000011010001010011011101
000000000100001000001100010000010100011000011100100000100100101000101100110000110100010100110110
000000000100001000001100010000010100011000011100100000100100101000101100110000110100010100110111
000000000100001000001100010000010100011000011100100000100100101000101100110000110100010100111000
000000000100001000001100010000010100011000011100100000100100101000101100110000110100010100111001
00000000010000100000110001000001010001100001110010000010010010100010110011000011010001010011100010
00000000010000100000110001000001010001100001110010000010010010100010110011000011010001010011100011
00000000010000100000110001000001010001100001110010000010010010100010110011000011010001010011100100
00000000010000100000110001000001010001100001110010000010010010100010110011000011010001010011100101
00000000010000100000110001000001010001100001110010000010010010100010110011000011010001010011100110
00000000010000100000110001000001010001100001110010000010010010100010110011000011010001010011100111
00000000010000100000110001000001010001100001110010000010010010100010110011000011010001010011101000
00000000010000100000110001000001010001100001110010000010010010100010110011000011010001010011101001
00000000010000100000110001000001010001100001110010000010010010100010110011000011010001010011101010
00000000010000100000110001000001010001100001110010000010010010100010110011000011010001010011101011
00000000010000100000110001000001010001100001110010000010010010100010110011000011010001010011101100
00000000010000100000110001000001010001100001110010000010010010100010110011000011010001010011101101
00000000010000100000110001000001010001100001110010000010010010100010110011000011010001010011101110
000000000100001000001100010000010100011000011100100000100100101000101100110000110100010100111011
