0000000001000010000011000100000101000110000111001000001001001010001011001100001101000101001100
000000000100001000001100010000010100011000011100100000100100101000101100110000110100010100110001
000000000100001000001100010000010100011000011100100000100100101000101100110000110100010100110010
000000000100001000001100010000010100011000011100100000100100101000101100110000110100010100110011
000000000100001000001100010000010100011000011100100000100100101000101100110000110100010100110100
000000000100001000001100010000010100011000011100100000100100101000101100110000110100010100110101
000000000100001000001100010000010100011000011100100000100100101000101100110000110100010100110110
000000000100001000001100010000010100011000011100100000100100101000101100110000110100010100110111
000000000100001000001100010000010100011000011100100000100100101000101100110000110100010100111000
000000000100001000001100010000010100011000011100100000100100101000101100110000110100010100111001
000000000100001000001100010000010100011000011100100000100100101000101100110000110100010100111010
000000000100001000001100010000010100011000011100100000100100101000101100110000110100010100111011
000000000100001000001100010000010100011000011100100000100100101000101100110000110100010100111100
000000000100001000001100010000010100011000011100100000100100101000101100110000110100010100111101
000000000100001000001100010000010100011000011100100000100100101000101100110000110100010100111110
0000000001000010000011000100000101000110000111001000001001001010001011001100001101000101001111
000000000100001000001100010000010100011000011100100000100100101000101100110000110100010101001110
0000000001000010000011000100000101000110000111001000001001001010001011001100001101000101010011
000000000100001000001100010000010100011000011100100000100100101000101100110000110100010101000100
00000000010000100000110001000001010001100001110010000010010010100010110011000011010001010100010001
00000000010000100000110001000001010001100001110010000010010010100010110011000011010001010100010010
00000000010000100000110001000001010001100001110010000010010010100010110011000011010001010100010011
00000000010000100000110001000001010001100001110010000010010010100010110011000011010001010100010100
00000000010000100000110001000001010001100001110010000010010010100010110011000011010001010100010110
00000000010000100000110001000001010001100001110010000010010010100010110011000011010001010100010111
00000000010000100000110001000001010001100001110010000010010010100010110011000011010001010100011000
00000000010000100000110001000001010001100001110010000010010010100010110011000011010001010100011001
00000000010000100000110001000001010001100001110010000010010010100010110011000011010001010100011010
00000000010000100000110001000001010001100001110010000010010010100010110011000011010001010100011011
00000000010000100000110001000001010001100001110010000010010010100010110011000011010001010100011100
00000000010000100000110001000001010001100001110010000010010010100010110011000011010001010100011101
000000000100001000001100010000010100011000011100100000100100101000101100110000110100010101000110
000000000100001000001100010000010100011000011100100000100100101000101100110000110100010101000111
000000000100001000001100010000010100011000011100100000100100101000101100110000110100010101001000
000000000100001000001100010000010100011000011100100000100100101000101100110000110100010101001001
00000000010000100000110001000001010001100001110010000010010010100010110011000011010001010100100010
00000000010000100000110001000001010001100001110010000010010010100010110011000011010001010100100011
00000000010000100000110001000001010001100001110010000010010010100010110011000011010001010100100100
00000000010000100000110001000001010001100001110010000010010010100010110011000011010001010100100101
00000000010000100000110001000001010001100001110010000010010010100010110011000011010001010100100110
00000000010000100000110001000001010001100001110010000010010010100010110011000011010001010100100111
00000000010000100000110001000001010001100001110010000010010010100010110011000011010001010100101000
00000000010000100000110001000001010001100001110010000010010010100010110011000011010001010100101001
00000000010000100000110001000001010001100001110010000010010010100010110011000011010001010100101010
00000000010000100000110001000001010001100001110010000010010010100010110011000011010001010100101011
00000000010000100000110001000001010001100001110010000010010010100010110011000011010001010100101100
00000000010000100000110001000001010001100001110010000010010010100010110011000011010001010100101101
00000000010000100000110001000001010001100001110010000010010010100010110011000011010001010100101110
000000000100001000001100010000010100011000011100100000100100101000101100110000110100010101001011
000000000100001000001100010000010100011000011100100000100100101000101100110000110100010101001100
00000000010000100000110001000001010001100001110010000010010010100010110011000011010001010100110001
00000000010000100000110001000001010001100001110010000010010010100010110011000011010001010100110010
00000000010000100000110001000001010001100001110010000010010010100010110011000011010001010100110011
00000000010000100000110001000001010001100001110010000010010010100010110011000011010001010100110100
00000000010000100000110001000001010001100001110010000010010010100010110011000011010001010100110101
00000000010000100000110001000001010001100001110010000010010010100010110011000011010001010100110110
00000000010000100000110001000001010001100001110010000010010010100010110011000011010001010100110111
00000000010000100000110001000001010001100001110010000010010010100010110011000011010001010100111000
00000000010000100000110001000001010001100001110010000010010010100010110011000011010001010100111001
00000000010000100000110001000001010001100001110010000010010010100010110011000011010001010100111010
00000000010000100000110001000001010001100001110010000010010010100010110011000011010001010100111011
000000000100001000001100010000010100011000011100100000100100101000101100110000110100010101001100
000000000100001000001100010000010100011000011100100000100100101000101100110000110100010101001101
000000000100001000001100010000010100011000011100100000100100101000101100110000110100010101001110
000000000100001000001100010000010100011000011100100000100100101000101100110000110100010101001111
000000000100001000001100010000010100011000011100100000100100101000101100110000110100010101010000
000000000100001000001100010000010100011000011100100000100100101000101100110000110100010101010001
000000000100001000001100010000010100011000011100100000100100101000101100110000110100010101010010
000000000100001000001100010000010100011000011100100000100100101000101100110000110100010101010011
00000000010000100000110001000001010001100001110010000010010010100010110011000011010001010101000100
00000000010000100000110001000001010001100001110010000010010010100010110011000011010001010101000101
00000000010000100000110001000001010001100001110010000010010010100010110011000011010001010101000110
00000000010000100000110001000001010001100001110010000010010010100010110011000011010001010101000111
00000000010000100000110001000001010001100001110010000010010010100010110011000011010001010101001000
00000000010000100000110001000001010001100001110010000010010010100010110011000011010001010101001001
00000000010000100000110001000001010001100001110010000010010010100010110011000011010001010101001010
00000000010000100000110001000001010001100001110010000010010010100010110011000011010001010101001011
00000000010000100000110001000001010001100001110010000010010010100010110011000011010001010101001100
00000000010000100000110001000001010001100001110010000010010010100010110011000011010001010101001101
00000000010000100000110001000001010001100001110010000010010010100010110011000011010001010101001110
000000000100001000001100010000010100011000011100100000100100101000101100110000110100010101010011
000000000100001000001100010000010100011000011100100000100100101000101100110000110100010101010100
00000000010000100000110001000001010001100001110010000010010010100010110011000011010001010101010001
00000000010000100000110001000001010001100001110010000010010010100010110011000011010001010101010010
00000000010000100000110001000001010001100001110010000010010010100010110011000011010001010101010011
00000000010000100000110001000001010001100001110010000010010010100010110011000011010001010101010100
00000000010000100000110001000001010001100001110010000010010010100010110011000011010001010101010101
00000000010000100000110001000001010001100001110010000010010010100010110011000011010001010101010110
00000000010000100000110001000001010001100001110010000010010010100010110011000011010001010101010111
00000000010000100000110001000001010001100001110010000010010010100010110011000011010001010101011000
00000000010000100000110001000001010001100001110010000010010010100010110011000011010001010101011001
00000000010000100000110001000001010001100001110010000010010010100010110011000011010001010101011010
00000000010000100000110001000001010001100001110010000010010010100010110011000011010001010101011011
00000000010000100000110001000001010001100001110010000010010010100010110011000011010001010101011100
00000000010000100000110001000001010001100001110010000010010010100010110011000011010001010101011101
000000000100001000001100010000010100011000011100100000100100101000101100110000110100010101010110
000000000100001000001100010000010100011000011100100000100100101000101100110000110100010101010111
000000000100001000001100010000010100011000011100100000100100101000101100110000110100010101011000
000000000100001000001100010000010100011000011100100000100100101000101100110000110100010101011001
00000000010000100000110001000001010001100001110010000010010010100010110011000011010001010101100010
00000000010000100000110001000001010001100001110010000010010010100010110011000011010001010101100011
00000000010000100000110001000001010001100001110010000010010010100010110011000011010001010101100100
00000000010000100000110001000001010001100001110010000010010010100010110011000011010001010101100101
00000000010000100000110001000001010001100001110010000010010010100010110011000011010001010101100110
00000000010000100000110001000001010001100001110010000010010010100010110011000011010001010101100111
00000000010000100000110001000001010001100001110010000010010010100010110011000011010001010101101000
00000000010000100000110001000001010001100001110010000010010010100010110011000011010001010101101001
00000000010000100000110001000001010001100001110010000010010010100010110011000011010001010101101010
00000000010000100000110001000001010001100001110010000010010010100010110011000011010001010101101011
00000000010000100000110001000001010001100001110010000010010010100010110011000011010001010101101100
00000000010000100000110001000001010001100001110010000010010010100010110011000011010001010101101101
00000000010000100000110001000001010001100001110010000010010010100010110011000011010001010101101110
000000000100001000001100010000010100011000011100100000100100101000101100110000110100010101011011
000000000100001000001100010000010100011000011100100000100100101000101100110000110100010101011100
00000000010000100000110001000001010001100001110010000010010010100010110011000011010001010101110001
00000000010000100000110001000001010001100001110010000010010010100010110011000011010001010101110010
00000000010000100000110001000001010001100001110010000010010010100010110011000011010001010101110011
00000000010000100000110001000001010001100001110010000010010010100010110011000011010001010101110100
00000000010000100000110001000001010001100001110010000010010010100010110011000011010001010101110101
00000000010000100000110001000001010001100001110010000010010010100010110011000011010001010101110110
00000000010000100000110001000001010001100001110010000010010010100010110011000011010001010101110111
000000000100001000001100010000010100011000011100100000100100101000101100110000110100010101011000
000000000100001000001100010000010100011000011100100000100100101000101100110000110100010101011001
000000000100001000001100010000010100011000011100100000100100101000101100110000110100010101011010
000000000100001000001100010000010100011000011100100000100100101000101100110000110100010101011011
000000000100001000001100010000010100011000011100100000100100101000101100110000110100010101011100
000000000100001000001100010000010100011000011100100000100100101000101100110000110100010101011101
000000000100001000001100010000010100011000011100100000100100101000101100110000110100010101011110
000000000100001000001100010000010100011000011100100000100100101000101100110000110100010101011111
000000000100001000001100010000010100011000011100100000100100101000101100110000110100010101100000
000000000100001000001100010000010100011000011100100000100100101000101100110000110100010101100001
000000000100001000001100010000010100011000011100100000100100101000101100110000110100010101100010
000000000100001000001100010000010100011000011100100000100100101000101100110000110100010101100011
000000000100001000001100010000010100011000011100100000100100101000101100110000110100010101100100
000000000100001000001100010000010100011000011100100000100100101000101100110000110100010101100101
000000000100001000001100010000010100011000011100100000100100101000101100110000110100010101100110
000000000100001000001100010000010100011000011100100000100100101000101100110000110100010101100111
00000000010000100000110001000001010001100001110010000010010010100010110011000011010001010110001000
00000000010000100000110001000001010001100001110010000010010010100010110011000011010001010110001001
00000000010000100000110001000001010001100001110010000010010010100010110011000011010001010110001010
00000000010000100000110001000001010001100001110010000010010010100010110011000011010001010110001011
00000000010000100000110001000001010001100001110010000010010010100010110011000011010001010110001100
00000000010000100000110001000001010001100001110010000010010010100010110011000011010001010110001101
00000000010000100000110001000001010001100001110010000010010010100010110011000011010001010110001110
000000000100001000001100010000010100011000011100100000100100101000101100110000110100010101100011
000000000100001000001100010000010100011000011100100000100100101000101100110000110100010101100100
00000000010000100000110001000001010001100001110010000010010010100010110011000011010001010110010001
00000000010000100000110001000001010001100001110010000010010010100010110011000011010001010110010010
00000000010000100000110001000001010001100001110010000010010010100010110011000011010001010110010011
00000000010000100000110001000001010001100001110010000010010010100010110011000011010001010110010100
00000000010000100000110001000001010001100001110010000010010010100010110011000011010001010110010101
00000000010000100000110001000001010001100001110010000010010010100010110011000011010001010110010110
00000000010000100000110001000001010001100001110010000010010010100010110011000011010001010110010111
00000000010000100000110001000001010001100001110010000010010010100010110011000011010001010110011000
00000000010000100000110001000001010001100001110010000010010010100010110011000011010001010110011001
00000000010000100000110001000001010001100001110010000010010010100010110011000011010001010110011010
00000000010000100000110001000001010001100001110010000010010010100010110011000011010001010110011011
00000000010000100000110001000001010001100001110010000010010010100010110011000011010001010110011100
00000000010000100000110001000001010001100001110010000010010010100010110011000011010001010110011101
000000000100001000001100010000010100011000011100100000100100101000101100110000110100010101100110
000000000100001000001100010000010100011000011100100000100100101000101100110000110100010101100111
000000000100001000001100010000010100011000011100100000100100101000101100110000110100010101101000
000000000100001000001100010000010100011000011100100000100100101000101100110000110100010101101001
00000000010000100000110001000001010001100001110010000010010010100010110011000011010001010110100010
00000000010000100000110001000001010001100001110010000010010010100010110011000011010001010110100011
