00000000010000100000110001000001010001100001110010000010010010100010110011000011010001010110100100
00000000010000100000110001000001010001100001110010000010010010100010110011000011010001010110100101
00000000010000100000110001000001010001100001110010000010010010100010110011000011010001010110100110
00000000010000100000110001000001010001100001110010000010010010100010110011000011010001010110100111
00000000010000100000110001000001010001100001110010000010010010100010110011000011010001010110101000
00000000010000100000110001000001010001100001110010000010010010100010110011000011010001010110101001
00000000010000100000110001000001010001100001110010000010010010100010110011000011010001010110101010
00000000010000100000110001000001010001100001110010000010010010100010110011000011010001010110101011
00000000010000100000110001000001010001100001110010000010010010100010110011000011010001010110101100
00000000010000100000110001000001010001100001110010000010010010100010110011000011010001010110101101
00000000010000100000110001000001010001100001110010000010010010100010110011000011010001010110101110
000000000100001000001100010000010100011000011100100000100100101000101100110000110100010101101011
000000000100001000001100010000010100011000011100100000100100101000101100110000110100010101101100
00000000010000100000110001000001010001100001110010000010010010100010110011000011010001010110110001
00000000010000100000110001000001010001100001110010000010010010100010110011000011010001010110110010
00000000010000100000110001000001010001100001110010000010010010100010110011000011010001010110110011
00000000010000100000110001000001010001100001110010000010010010100010110011000011010001010110110100
00000000010000100000110001000001010001100001110010000010010010100010110011000011010001010110110101
00000000010000100000110001000001010001100001110010000010010010100010110011000011010001010110110110
00000000010000100000110001000001010001100001110010000010010010100010110011000011010001010110110111
00000000010000100000110001000001010001100001110010000010010010100010110011000011010001010110111000
00000000010000100000110001000001010001100001110010000010010010100010110011000011010001010110111001
00000000010000100000110001000001010001100001110010000010010010100010110011000011010001010110111010
00000000010000100000110001000001010001100001110010000010010010100010110011000011010001010110111011
000000000100001000001100010000010100011000011100100000100100101000101100110000110100010101101100
000000000100001000001100010000010100011000011100100000100100101000101100110000110100010101101101
000000000100001000001100010000010100011000011100100000100100101000101100110000110100010101101110
000000000100001000001100010000010100011000011100100000100100101000101100110000110100010101101111
000000000100001000001100010000010100011000011100100000100100101000101100110000110100010101110000
000000000100001000001100010000010100011000011100100000100100101000101100110000110100010101110001
000000000100001000001100010000010100011000011100100000100100101000101100110000110100010101110010
000000000100001000001100010000010100011000011100100000100100101000101100110000110100010101110011
00000000010000100000110001000001010001100001110010000010010010100010110011000011010001010111000100
00000000010000100000110001000001010001100001110010000010010010100010110011000011010001010111000101
00000000010000100000110001000001010001100001110010000010010010100010110011000011010001010111000110
00000000010000100000110001000001010001100001110010000010010010100010110011000011010001010111000111
00000000010000100000110001000001010001100001110010000010010010100010110011000011010001010111001000
00000000010000100000110001000001010001100001110010000010010010100010110011000011010001010111001001
00000000010000100000110001000001010001100001110010000010010010100010110011000011010001010111001010
00000000010000100000110001000001010001100001110010000010010010100010110011000011010001010111001011
00000000010000100000110001000001010001100001110010000010010010100010110011000011010001010111001100
00000000010000100000110001000001010001100001110010000010010010100010110011000011010001010111001101
00000000010000100000110001000001010001100001110010000010010010100010110011000011010001010111001110
000000000100001000001100010000010100011000011100100000100100101000101100110000110100010101110011
000000000100001000001100010000010100011000011100100000100100101000101100110000110100010101110100
00000000010000100000110001000001010001100001110010000010010010100010110011000011010001010111010001
00000000010000100000110001000001010001100001110010000010010010100010110011000011010001010111010010
00000000010000100000110001000001010001100001110010000010010010100010110011000011010001010111010011
00000000010000100000110001000001010001100001110010000010010010100010110011000011010001010111010100
00000000010000100000110001000001010001100001110010000010010010100010110011000011010001010111010101
00000000010000100000110001000001010001100001110010000010010010100010110011000011010001010111010110
00000000010000100000110001000001010001100001110010000010010010100010110011000011010001010111010111
00000000010000100000110001000001010001100001110010000010010010100010110011000011010001010111011000
00000000010000100000110001000001010001100001110010000010010010100010110011000011010001010111011001
00000000010000100000110001000001010001100001110010000010010010100010110011000011010001010111011010
00000000010000100000110001000001010001100001110010000010010010100010110011000011010001010111011011
00000000010000100000110001000001010001100001110010000010010010100010110011000011010001010111011100
00000000010000100000110001000001010001100001110010000010010010100010110011000011010001010111011101
000000000100001000001100010000010100011000011100100000100100101000101100110000110100010101110110
000000000100001000001100010000010100011000011100100000100100101000101100110000110100010101110111
000000000100001000001100010000010100011000011100100000100100101000101100110000110100010101111000
000000000100001000001100010000010100011000011100100000100100101000101100110000110100010101111001
00000000010000100000110001000001010001100001110010000010010010100010110011000011010001010111100010
00000000010000100000110001000001010001100001110010000010010010100010110011000011010001010111100011
00000000010000100000110001000001010001100001110010000010010010100010110011000011010001010111100100
00000000010000100000110001000001010001100001110010000010010010100010110011000011010001010111100101
00000000010000100000110001000001010001100001110010000010010010100010110011000011010001010111100110
00000000010000100000110001000001010001100001110010000010010010100010110011000011010001010111100111
00000000010000100000110001000001010001100001110010000010010010100010110011000011010001010111101000
00000000010000100000110001000001010001100001110010000010010010100010110011000011010001010111101001
00000000010000100000110001000001010001100001110010000010010010100010110011000011010001010111101010
00000000010000100000110001000001010001100001110010000010010010100010110011000011010001010111101011
00000000010000100000110001000001010001100001110010000010010010100010110011000011010001010111101100
00000000010000100000110001000001010001100001110010000010010010100010110011000011010001010111101101
00000000010000100000110001000001010001100001110010000010010010100010110011000011010001010111101110
000000000100001000001100010000010100011000011100100000100100101000101100110000110100010101111011
0000000001000010000011000100000101000110000111001000001001001010001011001100001101000101011100
000000000100001000001100010000010100011000011100100000100100101000101100110000110100010101110001
000000000100001000001100010000010100011000011100100000100100101000101100110000110100010101110010
000000000100001000001100010000010100011000011100100000100100101000101100110000110100010101110011
000000000100001000001100010000010100011000011100100000100100101000101100110000110100010101110100
000000000100001000001100010000010100011000011100100000100100101000101100110000110100010101110101
000000000100001000001100010000010100011000011100100000100100101000101100110000110100010101110110
000000000100001000001100010000010100011000011100100000100100101000101100110000110100010101110111
000000000100001000001100010000010100011000011100100000100100101000101100110000110100010101111000
000000000100001000001100010000010100011000011100100000100100101000101100110000110100010101111001
000000000100001000001100010000010100011000011100100000100100101000101100110000110100010101111010
000000000100001000001100010000010100011000011100100000100100101000101100110000110100010101111011
000000000100001000001100010000010100011000011100100000100100101000101100110000110100010101111100
000000000100001000001100010000010100011000011100100000100100101000101100110000110100010101111101
000000000100001000001100010000010100011000011100100000100100101000101100110000110100010101111110
0000000001000010000011000100000101000110000111001000001001001010001011001100001101000101011111
000000000100001000001100010000010100011000011100100000100100101000101100110000110100010110001110
0000000001000010000011000100000101000110000111001000001001001010001011001100001101000101100011
000000000100001000001100010000010100011000011100100000100100101000101100110000110100010110000100
00000000010000100000110001000001010001100001110010000010010010100010110011000011010001011000010001
00000000010000100000110001000001010001100001110010000010010010100010110011000011010001011000010010
00000000010000100000110001000001010001100001110010000010010010100010110011000011010001011000010011
00000000010000100000110001000001010001100001110010000010010010100010110011000011010001011000010100
00000000010000100000110001000001010001100001110010000010010010100010110011000011010001011000010101
00000000010000100000110001000001010001100001110010000010010010100010110011000011010001011000010111
00000000010000100000110001000001010001100001110010000010010010100010110011000011010001011000011000
00000000010000100000110001000001010001100001110010000010010010100010110011000011010001011000011001
00000000010000100000110001000001010001100001110010000010010010100010110011000011010001011000011010
00000000010000100000110001000001010001100001110010000010010010100010110011000011010001011000011011
00000000010000100000110001000001010001100001110010000010010010100010110011000011010001011000011100
00000000010000100000110001000001010001100001110010000010010010100010110011000011010001011000011101
000000000100001000001100010000010100011000011100100000100100101000101100110000110100010110000110
000000000100001000001100010000010100011000011100100000100100101000101100110000110100010110000111
000000000100001000001100010000010100011000011100100000100100101000101100110000110100010110001000
000000000100001000001100010000010100011000011100100000100100101000101100110000110100010110001001
00000000010000100000110001000001010001100001110010000010010010100010110011000011010001011000100010
00000000010000100000110001000001010001100001110010000010010010100010110011000011010001011000100011
00000000010000100000110001000001010001100001110010000010010010100010110011000011010001011000100100
00000000010000100000110001000001010001100001110010000010010010100010110011000011010001011000100101
00000000010000100000110001000001010001100001110010000010010010100010110011000011010001011000100110
00000000010000100000110001000001010001100001110010000010010010100010110011000011010001011000100111
00000000010000100000110001000001010001100001110010000010010010100010110011000011010001011000101000
00000000010000100000110001000001010001100001110010000010010010100010110011000011010001011000101001
00000000010000100000110001000001010001100001110010000010010010100010110011000011010001011000101010
00000000010000100000110001000001010001100001110010000010010010100010110011000011010001011000101011
00000000010000100000110001000001010001100001110010000010010010100010110011000011010001011000101100
00000000010000100000110001000001010001100001110010000010010010100010110011000011010001011000101101
00000000010000100000110001000001010001100001110010000010010010100010110011000011010001011000101110
000000000100001000001100010000010100011000011100100000100100101000101100110000110100010110001011
000000000100001000001100010000010100011000011100100000100100101000101100110000110100010110001100
00000000010000100000110001000001010001100001110010000010010010100010110011000011010001011000110001
00000000010000100000110001000001010001100001110010000010010010100010110011000011010001011000110010
00000000010000100000110001000001010001100001110010000010010010100010110011000011010001011000110011
00000000010000100000110001000001010001100001110010000010010010100010110011000011010001011000110100
00000000010000100000110001000001010001100001110010000010010010100010110011000011010001011000110101
00000000010000100000110001000001010001100001110010000010010010100010110011000011010001011000110110
00000000010000100000110001000001010001100001110010000010010010100010110011000011010001011000110111
00000000010000100000110001000001010001100001110010000010010010100010110011000011010001011000111000
00000000010000100000110001000001010001100001110010000010010010100010110011000011010001011000111001
00000000010000100000110001000001010001100001110010000010010010100010110011000011010001011000111010
00000000010000100000110001000001010001100001110010000010010010100010110011000011010001011000111011
000000000100001000001100010000010100011000011100100000100100101000101100110000110100010110001100
000000000100001000001100010000010100011000011100100000100100101000101100110000110100010110001101
000000000100001000001100010000010100011000011100100000100100101000101100110000110100010110001110
000000000100001000001100010000010100011000011100100000100100101000101100110000110100010110001111
000000000100001000001100010000010100011000011100100000100100101000101100110000110100010110010000
000000000100001000001100010000010100011000011100100000100100101000101100110000110100010110010001
000000000100001000001100010000010100011000011100100000100100101000101100110000110100010110010010
000000000100001000001100010000010100011000011100100000100100101000101100110000110100010110010011
00000000010000100000110001000001010001100001110010000010010010100010110011000011010001011001000100
00000000010000100000110001000001010001100001110010000010010010100010110011000011010001011001000101
00000000010000100000110001000001010001100001110010000010010010100010110011000011010001011001000110
00000000010000100000110001000001010001100001110010000010010010100010110011000011010001011001000111
00000000010000100000110001000001010001100001110010000010010010100010110011000011010001011001001000
00000000010000100000110001000001010001100001110010000010010010100010110011000011010001011001001001
00000000010000100000110001000001010001100001110010000010010010100010110011000011010001011001001010
00000000010000100000110001000001010001100001110010000010010010100010110011000011010001011001001011
00000000010000100000110001000001010001100001110010000010010010100010110011000011010001011001001100
00000000010000100000110001000001010001100001110010000010010010100010110011000011010001011001001101
00000000010000100000110001000001010001100001110010000010010010100010110011000011010001011001001110
000000000100001000001100010000010100011000011100100000100100101000101100110000110100010110010011
000000000100001000001100010000010100011000011100100000100100101000101100110000110100010110010100
00000000010000100000110001000001010001100001110010000010010010100010110011000011010001011001010001
00000000010000100000110001000001010001100001110010000010010010100010110011000011010001011001010010
00000000010000100000110001000001010001100001110010000010010010100010110011000011010001011001010011
00000000010000100000110001000001010001100001110010000010010010100010110011000011010001011001010100
00000000010000100000110001000001010001100001110010000010010010100010110011000011010001011001010101
00000000010000100000110001000001010001100001110010000010010010100010110011000011010001011001010110
00000000010000100000110001000001010001100001110010000010010010100010110011000011010001011001010111
