00000000010000100000110001000001010001100001110010000010010010100010110011000011010001011001011000
00000000010000100000110001000001010001100001110010000010010010100010110011000011010001011001011001
00000000010000100000110001000001010001100001110010000010010010100010110011000011010001011001011010
00000000010000100000110001000001010001100001110010000010010010100010110011000011010001011001011011
00000000010000100000110001000001010001100001110010000010010010100010110011000011010001011001011100
00000000010000100000110001000001010001100001110010000010010010100010110011000011010001011001011101
000000000100001000001100010000010100011000011100100000100100101000101100110000110100010110010110
000000000100001000001100010000010100011000011100100000100100101000101100110000110100010110010111
000000000100001000001100010000010100011000011100100000100100101000101100110000110100010110011000
000000000100001000001100010000010100011000011100100000100100101000101100110000110100010110011001
00000000010000100000110001000001010001100001110010000010010010100010110011000011010001011001100010
00000000010000100000110001000001010001100001110010000010010010100010110011000011010001011001100011
00000000010000100000110001000001010001100001110010000010010010100010110011000011010001011001100100
00000000010000100000110001000001010001100001110010000010010010100010110011000011010001011001100101
00000000010000100000110001000001010001100001110010000010010010100010110011000011010001011001100110
00000000010000100000110001000001010001100001110010000010010010100010110011000011010001011001100111
00000000010000100000110001000001010001100001110010000010010010100010110011000011010001011001101000
00000000010000100000110001000001010001100001110010000010010010100010110011000011010001011001101001
00000000010000100000110001000001010001100001110010000010010010100010110011000011010001011001101010
00000000010000100000110001000001010001100001110010000010010010100010110011000011010001011001101011
00000000010000100000110001000001010001100001110010000010010010100010110011000011010001011001101100
00000000010000100000110001000001010001100001110010000010010010100010110011000011010001011001101101
00000000010000100000110001000001010001100001110010000010010010100010110011000011010001011001101110
000000000100001000001100010000010100011000011100100000100100101000101100110000110100010110011011
000000000100001000001100010000010100011000011100100000100100101000101100110000110100010110011100
00000000010000100000110001000001010001100001110010000010010010100010110011000011010001011001110001
00000000010000100000110001000001010001100001110010000010010010100010110011000011010001011001110010
00000000010000100000110001000001010001100001110010000010010010100010110011000011010001011001110011
00000000010000100000110001000001010001100001110010000010010010100010110011000011010001011001110100
00000000010000100000110001000001010001100001110010000010010010100010110011000011010001011001110101
00000000010000100000110001000001010001100001110010000010010010100010110011000011010001011001110110
00000000010000100000110001000001010001100001110010000010010010100010110011000011010001011001110111
000000000100001000001100010000010100011000011100100000100100101000101100110000110100010110011000
000000000100001000001100010000010100011000011100100000100100101000101100110000110100010110011001
000000000100001000001100010000010100011000011100100000100100101000101100110000110100010110011010
000000000100001000001100010000010100011000011100100000100100101000101100110000110100010110011011
000000000100001000001100010000010100011000011100100000100100101000101100110000110100010110011100
000000000100001000001100010000010100011000011100100000100100101000101100110000110100010110011101
000000000100001000001100010000010100011000011100100000100100101000101100110000110100010110011110
000000000100001000001100010000010100011000011100100000100100101000101100110000110100010110011111
000000000100001000001100010000010100011000011100100000100100101000101100110000110100010110100000
000000000100001000001100010000010100011000011100100000100100101000101100110000110100010110100001
000000000100001000001100010000010100011000011100100000100100101000101100110000110100010110100010
000000000100001000001100010000010100011000011100100000100100101000101100110000110100010110100011
000000000100001000001100010000010100011000011100100000100100101000101100110000110100010110100100
000000000100001000001100010000010100011000011100100000100100101000101100110000110100010110100101
000000000100001000001100010000010100011000011100100000100100101000101100110000110100010110100110
000000000100001000001100010000010100011000011100100000100100101000101100110000110100010110100111
00000000010000100000110001000001010001100001110010000010010010100010110011000011010001011010001000
00000000010000100000110001000001010001100001110010000010010010100010110011000011010001011010001001
00000000010000100000110001000001010001100001110010000010010010100010110011000011010001011010001010
00000000010000100000110001000001010001100001110010000010010010100010110011000011010001011010001011
00000000010000100000110001000001010001100001110010000010010010100010110011000011010001011010001100
00000000010000100000110001000001010001100001110010000010010010100010110011000011010001011010001101
00000000010000100000110001000001010001100001110010000010010010100010110011000011010001011010001110
000000000100001000001100010000010100011000011100100000100100101000101100110000110100010110100011
000000000100001000001100010000010100011000011100100000100100101000101100110000110100010110100100
00000000010000100000110001000001010001100001110010000010010010100010110011000011010001011010010001
00000000010000100000110001000001010001100001110010000010010010100010110011000011010001011010010010
00000000010000100000110001000001010001100001110010000010010010100010110011000011010001011010010011
00000000010000100000110001000001010001100001110010000010010010100010110011000011010001011010010100
00000000010000100000110001000001010001100001110010000010010010100010110011000011010001011010010101
00000000010000100000110001000001010001100001110010000010010010100010110011000011010001011010010110
00000000010000100000110001000001010001100001110010000010010010100010110011000011010001011010010111
00000000010000100000110001000001010001100001110010000010010010100010110011000011010001011010011000
00000000010000100000110001000001010001100001110010000010010010100010110011000011010001011010011001
00000000010000100000110001000001010001100001110010000010010010100010110011000011010001011010011010
00000000010000100000110001000001010001100001110010000010010010100010110011000011010001011010011011
00000000010000100000110001000001010001100001110010000010010010100010110011000011010001011010011100
00000000010000100000110001000001010001100001110010000010010010100010110011000011010001011010011101
000000000100001000001100010000010100011000011100100000100100101000101100110000110100010110100110
000000000100001000001100010000010100011000011100100000100100101000101100110000110100010110100111
000000000100001000001100010000010100011000011100100000100100101000101100110000110100010110101000
000000000100001000001100010000010100011000011100100000100100101000101100110000110100010110101001
00000000010000100000110001000001010001100001110010000010010010100010110011000011010001011010100010
00000000010000100000110001000001010001100001110010000010010010100010110011000011010001011010100011
00000000010000100000110001000001010001100001110010000010010010100010110011000011010001011010100100
00000000010000100000110001000001010001100001110010000010010010100010110011000011010001011010100101
00000000010000100000110001000001010001100001110010000010010010100010110011000011010001011010100110
00000000010000100000110001000001010001100001110010000010010010100010110011000011010001011010100111
00000000010000100000110001000001010001100001110010000010010010100010110011000011010001011010101000
00000000010000100000110001000001010001100001110010000010010010100010110011000011010001011010101001
00000000010000100000110001000001010001100001110010000010010010100010110011000011010001011010101010
00000000010000100000110001000001010001100001110010000010010010100010110011000011010001011010101011
00000000010000100000110001000001010001100001110010000010010010100010110011000011010001011010101100
00000000010000100000110001000001010001100001110010000010010010100010110011000011010001011010101101
00000000010000100000110001000001010001100001110010000010010010100010110011000011010001011010101110
000000000100001000001100010000010100011000011100100000100100101000101100110000110100010110101011
000000000100001000001100010000010100011000011100100000100100101000101100110000110100010110101100
00000000010000100000110001000001010001100001110010000010010010100010110011000011010001011010110001
00000000010000100000110001000001010001100001110010000010010010100010110011000011010001011010110010
00000000010000100000110001000001010001100001110010000010010010100010110011000011010001011010110011
00000000010000100000110001000001010001100001110010000010010010100010110011000011010001011010110100
00000000010000100000110001000001010001100001110010000010010010100010110011000011010001011010110101
00000000010000100000110001000001010001100001110010000010010010100010110011000011010001011010110110
00000000010000100000110001000001010001100001110010000010010010100010110011000011010001011010110111
00000000010000100000110001000001010001100001110010000010010010100010110011000011010001011010111000
00000000010000100000110001000001010001100001110010000010010010100010110011000011010001011010111001
00000000010000100000110001000001010001100001110010000010010010100010110011000011010001011010111010
00000000010000100000110001000001010001100001110010000010010010100010110011000011010001011010111011
000000000100001000001100010000010100011000011100100000100100101000101100110000110100010110101100
000000000100001000001100010000010100011000011100100000100100101000101100110000110100010110101101
000000000100001000001100010000010100011000011100100000100100101000101100110000110100010110101110
000000000100001000001100010000010100011000011100100000100100101000101100110000110100010110101111
000000000100001000001100010000010100011000011100100000100100101000101100110000110100010110110000
000000000100001000001100010000010100011000011100100000100100101000101100110000110100010110110001
000000000100001000001100010000010100011000011100100000100100101000101100110000110100010110110010
000000000100001000001100010000010100011000011100100000100100101000101100110000110100010110110011
00000000010000100000110001000001010001100001110010000010010010100010110011000011010001011011000100
00000000010000100000110001000001010001100001110010000010010010100010110011000011010001011011000101
00000000010000100000110001000001010001100001110010000010010010100010110011000011010001011011000110
00000000010000100000110001000001010001100001110010000010010010100010110011000011010001011011000111
00000000010000100000110001000001010001100001110010000010010010100010110011000011010001011011001000
00000000010000100000110001000001010001100001110010000010010010100010110011000011010001011011001001
00000000010000100000110001000001010001100001110010000010010010100010110011000011010001011011001010
00000000010000100000110001000001010001100001110010000010010010100010110011000011010001011011001011
00000000010000100000110001000001010001100001110010000010010010100010110011000011010001011011001100
00000000010000100000110001000001010001100001110010000010010010100010110011000011010001011011001101
00000000010000100000110001000001010001100001110010000010010010100010110011000011010001011011001110
000000000100001000001100010000010100011000011100100000100100101000101100110000110100010110110011
000000000100001000001100010000010100011000011100100000100100101000101100110000110100010110110100
00000000010000100000110001000001010001100001110010000010010010100010110011000011010001011011010001
00000000010000100000110001000001010001100001110010000010010010100010110011000011010001011011010010
00000000010000100000110001000001010001100001110010000010010010100010110011000011010001011011010011
00000000010000100000110001000001010001100001110010000010010010100010110011000011010001011011010100
00000000010000100000110001000001010001100001110010000010010010100010110011000011010001011011010101
00000000010000100000110001000001010001100001110010000010010010100010110011000011010001011011010110
00000000010000100000110001000001010001100001110010000010010010100010110011000011010001011011010111
00000000010000100000110001000001010001100001110010000010010010100010110011000011010001011011011000
00000000010000100000110001000001010001100001110010000010010010100010110011000011010001011011011001
00000000010000100000110001000001010001100001110010000010010010100010110011000011010001011011011010
00000000010000100000110001000001010001100001110010000010010010100010110011000011010001011011011011
00000000010000100000110001000001010001100001110010000010010010100010110011000011010001011011011100
00000000010000100000110001000001010001100001110010000010010010100010110011000011010001011011011101
000000000100001000001100010000010100011000011100100000100100101000101100110000110100010110110110
000000000100001000001100010000010100011000011100100000100100101000101100110000110100010110110111
000000000100001000001100010000010100011000011100100000100100101000101100110000110100010110111000
000000000100001000001100010000010100011000011100100000100100101000101100110000110100010110111001
00000000010000100000110001000001010001100001110010000010010010100010110011000011010001011011100010
00000000010000100000110001000001010001100001110010000010010010100010110011000011010001011011100011
00000000010000100000110001000001010001100001110010000010010010100010110011000011010001011011100100
00000000010000100000110001000001010001100001110010000010010010100010110011000011010001011011100101
00000000010000100000110001000001010001100001110010000010010010100010110011000011010001011011100110
00000000010000100000110001000001010001100001110010000010010010100010110011000011010001011011100111
00000000010000100000110001000001010001100001110010000010010010100010110011000011010001011011101000
00000000010000100000110001000001010001100001110010000010010010100010110011000011010001011011101001
00000000010000100000110001000001010001100001110010000010010010100010110011000011010001011011101010
00000000010000100000110001000001010001100001110010000010010010100010110011000011010001011011101011
00000000010000100000110001000001010001100001110010000010010010100010110011000011010001011011101100
00000000010000100000110001000001010001100001110010000010010010100010110011000011010001011011101101
00000000010000100000110001000001010001100001110010000010010010100010110011000011010001011011101110
000000000100001000001100010000010100011000011100100000100100101000101100110000110100010110111011
0000000001000010000011000100000101000110000111001000001001001010001011001100001101000101101100
000000000100001000001100010000010100011000011100100000100100101000101100110000110100010110110001
000000000100001000001100010000010100011000011100100000100100101000101100110000110100010110110010
000000000100001000001100010000010100011000011100100000100100101000101100110000110100010110110011
000000000100001000001100010000010100011000011100100000100100101000101100110000110100010110110100
000000000100001000001100010000010100011000011100100000100100101000101100110000110100010110110101
000000000100001000001100010000010100011000011100100000100100101000101100110000110100010110110110
000000000100001000001100010000010100011000011100100000100100101000101100110000110100010110110111
000000000100001000001100010000010100011000011100100000100100101000101100110000110100010110111000
000000000100001000001100010000010100011000011100100000100100101000101100110000110100010110111001
000000000100001000001100010000010100011000011100100000100100101000101100110000110100010110111010
000000000100001000001100010000010100011000011100100000100100101000101100110000110100010110111011
000000000100001000001100010000010100011000011100100000100100101000101100110000110100010110111100
