000000000100001000001100010000010100011000011100100000100100101000101100110000110100010110111101
000000000100001000001100010000010100011000011100100000100100101000101100110000110100010110111110
0000000001000010000011000100000101000110000111001000001001001010001011001100001101000101101111
000000000100001000001100010000010100011000011100100000100100101000101100110000110100010111001110
0000000001000010000011000100000101000110000111001000001001001010001011001100001101000101110011
000000000100001000001100010000010100011000011100100000100100101000101100110000110100010111000100
00000000010000100000110001000001010001100001110010000010010010100010110011000011010001011100010001
00000000010000100000110001000001010001100001110010000010010010100010110011000011010001011100010010
00000000010000100000110001000001010001100001110010000010010010100010110011000011010001011100010011
00000000010000100000110001000001010001100001110010000010010010100010110011000011010001011100010100
00000000010000100000110001000001010001100001110010000010010010100010110011000011010001011100010101
00000000010000100000110001000001010001100001110010000010010010100010110011000011010001011100010110
00000000010000100000110001000001010001100001110010000010010010100010110011000011010001011100011000
00000000010000100000110001000001010001100001110010000010010010100010110011000011010001011100011001
00000000010000100000110001000001010001100001110010000010010010100010110011000011010001011100011010
00000000010000100000110001000001010001100001110010000010010010100010110011000011010001011100011011
00000000010000100000110001000001010001100001110010000010010010100010110011000011010001011100011100
00000000010000100000110001000001010001100001110010000010010010100010110011000011010001011100011101
000000000100001000001100010000010100011000011100100000100100101000101100110000110100010111000110
000000000100001000001100010000010100011000011100100000100100101000101100110000110100010111000111
000000000100001000001100010000010100011000011100100000100100101000101100110000110100010111001000
000000000100001000001100010000010100011000011100100000100100101000101100110000110100010111001001
00000000010000100000110001000001010001100001110010000010010010100010110011000011010001011100100010
00000000010000100000110001000001010001100001110010000010010010100010110011000011010001011100100011
00000000010000100000110001000001010001100001110010000010010010100010110011000011010001011100100100
00000000010000100000110001000001010001100001110010000010010010100010110011000011010001011100100101
00000000010000100000110001000001010001100001110010000010010010100010110011000011010001011100100110
00000000010000100000110001000001010001100001110010000010010010100010110011000011010001011100100111
00000000010000100000110001000001010001100001110010000010010010100010110011000011010001011100101000
00000000010000100000110001000001010001100001110010000010010010100010110011000011010001011100101001
00000000010000100000110001000001010001100001110010000010010010100010110011000011010001011100101010
00000000010000100000110001000001010001100001110010000010010010100010110011000011010001011100101011
00000000010000100000110001000001010001100001110010000010010010100010110011000011010001011100101100
00000000010000100000110001000001010001100001110010000010010010100010110011000011010001011100101101
00000000010000100000110001000001010001100001110010000010010010100010110011000011010001011100101110
000000000100001000001100010000010100011000011100100000100100101000101100110000110100010111001011
000000000100001000001100010000010100011000011100100000100100101000101100110000110100010111001100
00000000010000100000110001000001010001100001110010000010010010100010110011000011010001011100110001
00000000010000100000110001000001010001100001110010000010010010100010110011000011010001011100110010
00000000010000100000110001000001010001100001110010000010010010100010110011000011010001011100110011
00000000010000100000110001000001010001100001110010000010010010100010110011000011010001011100110100
00000000010000100000110001000001010001100001110010000010010010100010110011000011010001011100110101
00000000010000100000110001000001010001100001110010000010010010100010110011000011010001011100110110
00000000010000100000110001000001010001100001110010000010010010100010110011000011010001011100110111
00000000010000100000110001000001010001100001110010000010010010100010110011000011010001011100111000
00000000010000100000110001000001010001100001110010000010010010100010110011000011010001011100111001
00000000010000100000110001000001010001100001110010000010010010100010110011000011010001011100111010
00000000010000100000110001000001010001100001110010000010010010100010110011000011010001011100111011
000000000100001000001100010000010100011000011100100000100100101000101100110000110100010111001100
000000000100001000001100010000010100011000011100100000100100101000101100110000110100010111001101
000000000100001000001100010000010100011000011100100000100100101000101100110000110100010111001110
000000000100001000001100010000010100011000011100100000100100101000101100110000110100010111001111
000000000100001000001100010000010100011000011100100000100100101000101100110000110100010111010000
000000000100001000001100010000010100011000011100100000100100101000101100110000110100010111010001
000000000100001000001100010000010100011000011100100000100100101000101100110000110100010111010010
000000000100001000001100010000010100011000011100100000100100101000101100110000110100010111010011
00000000010000100000110001000001010001100001110010000010010010100010110011000011010001011101000100
00000000010000100000110001000001010001100001110010000010010010100010110011000011010001011101000101
00000000010000100000110001000001010001100001110010000010010010100010110011000011010001011101000110
00000000010000100000110001000001010001100001110010000010010010100010110011000011010001011101000111
00000000010000100000110001000001010001100001110010000010010010100010110011000011010001011101001000
00000000010000100000110001000001010001100001110010000010010010100010110011000011010001011101001001
00000000010000100000110001000001010001100001110010000010010010100010110011000011010001011101001010
00000000010000100000110001000001010001100001110010000010010010100010110011000011010001011101001011
00000000010000100000110001000001010001100001110010000010010010100010110011000011010001011101001100
00000000010000100000110001000001010001100001110010000010010010100010110011000011010001011101001101
00000000010000100000110001000001010001100001110010000010010010100010110011000011010001011101001110
000000000100001000001100010000010100011000011100100000100100101000101100110000110100010111010011
000000000100001000001100010000010100011000011100100000100100101000101100110000110100010111010100
00000000010000100000110001000001010001100001110010000010010010100010110011000011010001011101010001
00000000010000100000110001000001010001100001110010000010010010100010110011000011010001011101010010
00000000010000100000110001000001010001100001110010000010010010100010110011000011010001011101010011
00000000010000100000110001000001010001100001110010000010010010100010110011000011010001011101010100
00000000010000100000110001000001010001100001110010000010010010100010110011000011010001011101010101
00000000010000100000110001000001010001100001110010000010010010100010110011000011010001011101010110
00000000010000100000110001000001010001100001110010000010010010100010110011000011010001011101010111
00000000010000100000110001000001010001100001110010000010010010100010110011000011010001011101011000
00000000010000100000110001000001010001100001110010000010010010100010110011000011010001011101011001
00000000010000100000110001000001010001100001110010000010010010100010110011000011010001011101011010
00000000010000100000110001000001010001100001110010000010010010100010110011000011010001011101011011
00000000010000100000110001000001010001100001110010000010010010100010110011000011010001011101011100
00000000010000100000110001000001010001100001110010000010010010100010110011000011010001011101011101
000000000100001000001100010000010100011000011100100000100100101000101100110000110100010111010110
000000000100001000001100010000010100011000011100100000100100101000101100110000110100010111010111
000000000100001000001100010000010100011000011100100000100100101000101100110000110100010111011000
000000000100001000001100010000010100011000011100100000100100101000101100110000110100010111011001
00000000010000100000110001000001010001100001110010000010010010100010110011000011010001011101100010
00000000010000100000110001000001010001100001110010000010010010100010110011000011010001011101100011
00000000010000100000110001000001010001100001110010000010010010100010110011000011010001011101100100
00000000010000100000110001000001010001100001110010000010010010100010110011000011010001011101100101
00000000010000100000110001000001010001100001110010000010010010100010110011000011010001011101100110
00000000010000100000110001000001010001100001110010000010010010100010110011000011010001011101100111
00000000010000100000110001000001010001100001110010000010010010100010110011000011010001011101101000
00000000010000100000110001000001010001100001110010000010010010100010110011000011010001011101101001
00000000010000100000110001000001010001100001110010000010010010100010110011000011010001011101101010
00000000010000100000110001000001010001100001110010000010010010100010110011000011010001011101101011
00000000010000100000110001000001010001100001110010000010010010100010110011000011010001011101101100
00000000010000100000110001000001010001100001110010000010010010100010110011000011010001011101101101
00000000010000100000110001000001010001100001110010000010010010100010110011000011010001011101101110
000000000100001000001100010000010100011000011100100000100100101000101100110000110100010111011011
000000000100001000001100010000010100011000011100100000100100101000101100110000110100010111011100
00000000010000100000110001000001010001100001110010000010010010100010110011000011010001011101110001
00000000010000100000110001000001010001100001110010000010010010100010110011000011010001011101110010
00000000010000100000110001000001010001100001110010000010010010100010110011000011010001011101110011
00000000010000100000110001000001010001100001110010000010010010100010110011000011010001011101110100
00000000010000100000110001000001010001100001110010000010010010100010110011000011010001011101110101
00000000010000100000110001000001010001100001110010000010010010100010110011000011010001011101110110
00000000010000100000110001000001010001100001110010000010010010100010110011000011010001011101110111
000000000100001000001100010000010100011000011100100000100100101000101100110000110100010111011000
000000000100001000001100010000010100011000011100100000100100101000101100110000110100010111011001
000000000100001000001100010000010100011000011100100000100100101000101100110000110100010111011010
000000000100001000001100010000010100011000011100100000100100101000101100110000110100010111011011
000000000100001000001100010000010100011000011100100000100100101000101100110000110100010111011100
000000000100001000001100010000010100011000011100100000100100101000101100110000110100010111011101
000000000100001000001100010000010100011000011100100000100100101000101100110000110100010111011110
000000000100001000001100010000010100011000011100100000100100101000101100110000110100010111011111
000000000100001000001100010000010100011000011100100000100100101000101100110000110100010111100000
000000000100001000001100010000010100011000011100100000100100101000101100110000110100010111100001
000000000100001000001100010000010100011000011100100000100100101000101100110000110100010111100010
000000000100001000001100010000010100011000011100100000100100101000101100110000110100010111100011
000000000100001000001100010000010100011000011100100000100100101000101100110000110100010111100100
000000000100001000001100010000010100011000011100100000100100101000101100110000110100010111100101
000000000100001000001100010000010100011000011100100000100100101000101100110000110100010111100110
000000000100001000001100010000010100011000011100100000100100101000101100110000110100010111100111
00000000010000100000110001000001010001100001110010000010010010100010110011000011010001011110001000
00000000010000100000110001000001010001100001110010000010010010100010110011000011010001011110001001
00000000010000100000110001000001010001100001110010000010010010100010110011000011010001011110001010
00000000010000100000110001000001010001100001110010000010010010100010110011000011010001011110001011
00000000010000100000110001000001010001100001110010000010010010100010110011000011010001011110001100
00000000010000100000110001000001010001100001110010000010010010100010110011000011010001011110001101
00000000010000100000110001000001010001100001110010000010010010100010110011000011010001011110001110
000000000100001000001100010000010100011000011100100000100100101000101100110000110100010111100011
000000000100001000001100010000010100011000011100100000100100101000101100110000110100010111100100
00000000010000100000110001000001010001100001110010000010010010100010110011000011010001011110010001
00000000010000100000110001000001010001100001110010000010010010100010110011000011010001011110010010
00000000010000100000110001000001010001100001110010000010010010100010110011000011010001011110010011
00000000010000100000110001000001010001100001110010000010010010100010110011000011010001011110010100
00000000010000100000110001000001010001100001110010000010010010100010110011000011010001011110010101
00000000010000100000110001000001010001100001110010000010010010100010110011000011010001011110010110
00000000010000100000110001000001010001100001110010000010010010100010110011000011010001011110010111
00000000010000100000110001000001010001100001110010000010010010100010110011000011010001011110011000
00000000010000100000110001000001010001100001110010000010010010100010110011000011010001011110011001
00000000010000100000110001000001010001100001110010000010010010100010110011000011010001011110011010
00000000010000100000110001000001010001100001110010000010010010100010110011000011010001011110011011
00000000010000100000110001000001010001100001110010000010010010100010110011000011010001011110011100
00000000010000100000110001000001010001100001110010000010010010100010110011000011010001011110011101
000000000100001000001100010000010100011000011100100000100100101000101100110000110100010111100110
000000000100001000001100010000010100011000011100100000100100101000101100110000110100010111100111
000000000100001000001100010000010100011000011100100000100100101000101100110000110100010111101000
000000000100001000001100010000010100011000011100100000100100101000101100110000110100010111101001
00000000010000100000110001000001010001100001110010000010010010100010110011000011010001011110100010
00000000010000100000110001000001010001100001110010000010010010100010110011000011010001011110100011
00000000010000100000110001000001010001100001110010000010010010100010110011000011010001011110100100
00000000010000100000110001000001010001100001110010000010010010100010110011000011010001011110100101
00000000010000100000110001000001010001100001110010000010010010100010110011000011010001011110100110
00000000010000100000110001000001010001100001110010000010010010100010110011000011010001011110100111
00000000010000100000110001000001010001100001110010000010010010100010110011000011010001011110101000
00000000010000100000110001000001010001100001110010000010010010100010110011000011010001011110101001
00000000010000100000110001000001010001100001110010000010010010100010110011000011010001011110101010
00000000010000100000110001000001010001100001110010000010010010100010110011000011010001011110101011
00000000010000100000110001000001010001100001110010000010010010100010110011000011010001011110101100
00000000010000100000110001000001010001100001110010000010010010100010110011000011010001011110101101
00000000010000100000110001000001010001100001110010000010010010100010110011000011010001011110101110
000000000100001000001100010000010100011000011100100000100100101000101100110000110100010111101011
000000000100001000001100010000010100011000011100100000100100101000101100110000110100010111101100
