00000000010000100000110001000001010001100001110010000010010010100010110011000011010001011110110001
00000000010000100000110001000001010001100001110010000010010010100010110011000011010001011110110010
00000000010000100000110001000001010001100001110010000010010010100010110011000011010001011110110011
00000000010000100000110001000001010001100001110010000010010010100010110011000011010001011110110100
00000000010000100000110001000001010001100001110010000010010010100010110011000011010001011110110101
00000000010000100000110001000001010001100001110010000010010010100010110011000011010001011110110110
00000000010000100000110001000001010001100001110010000010010010100010110011000011010001011110110111
00000000010000100000110001000001010001100001110010000010010010100010110011000011010001011110111000
00000000010000100000110001000001010001100001110010000010010010100010110011000011010001011110111001
00000000010000100000110001000001010001100001110010000010010010100010110011000011010001011110111010
00000000010000100000110001000001010001100001110010000010010010100010110011000011010001011110111011
000000000100001000001100010000010100011000011100100000100100101000101100110000110100010111101100
000000000100001000001100010000010100011000011100100000100100101000101100110000110100010111101101
000000000100001000001100010000010100011000011100100000100100101000101100110000110100010111101110
000000000100001000001100010000010100011000011100100000100100101000101100110000110100010111101111
000000000100001000001100010000010100011000011100100000100100101000101100110000110100010111110000
000000000100001000001100010000010100011000011100100000100100101000101100110000110100010111110001
000000000100001000001100010000010100011000011100100000100100101000101100110000110100010111110010
000000000100001000001100010000010100011000011100100000100100101000101100110000110100010111110011
00000000010000100000110001000001010001100001110010000010010010100010110011000011010001011111000100
00000000010000100000110001000001010001100001110010000010010010100010110011000011010001011111000101
00000000010000100000110001000001010001100001110010000010010010100010110011000011010001011111000110
00000000010000100000110001000001010001100001110010000010010010100010110011000011010001011111000111
00000000010000100000110001000001010001100001110010000010010010100010110011000011010001011111001000
00000000010000100000110001000001010001100001110010000010010010100010110011000011010001011111001001
00000000010000100000110001000001010001100001110010000010010010100010110011000011010001011111001010
00000000010000100000110001000001010001100001110010000010010010100010110011000011010001011111001011
00000000010000100000110001000001010001100001110010000010010010100010110011000011010001011111001100
00000000010000100000110001000001010001100001110010000010010010100010110011000011010001011111001101
00000000010000100000110001000001010001100001110010000010010010100010110011000011010001011111001110
000000000100001000001100010000010100011000011100100000100100101000101100110000110100010111110011
000000000100001000001100010000010100011000011100100000100100101000101100110000110100010111110100
00000000010000100000110001000001010001100001110010000010010010100010110011000011010001011111010001
00000000010000100000110001000001010001100001110010000010010010100010110011000011010001011111010010
00000000010000100000110001000001010001100001110010000010010010100010110011000011010001011111010011
00000000010000100000110001000001010001100001110010000010010010100010110011000011010001011111010100
00000000010000100000110001000001010001100001110010000010010010100010110011000011010001011111010101
00000000010000100000110001000001010001100001110010000010010010100010110011000011010001011111010110
00000000010000100000110001000001010001100001110010000010010010100010110011000011010001011111010111
00000000010000100000110001000001010001100001110010000010010010100010110011000011010001011111011000
00000000010000100000110001000001010001100001110010000010010010100010110011000011010001011111011001
00000000010000100000110001000001010001100001110010000010010010100010110011000011010001011111011010
00000000010000100000110001000001010001100001110010000010010010100010110011000011010001011111011011
00000000010000100000110001000001010001100001110010000010010010100010110011000011010001011111011100
00000000010000100000110001000001010001100001110010000010010010100010110011000011010001011111011101
000000000100001000001100010000010100011000011100100000100100101000101100110000110100010111110110
000000000100001000001100010000010100011000011100100000100100101000101100110000110100010111110111
000000000100001000001100010000010100011000011100100000100100101000101100110000110100010111111000
000000000100001000001100010000010100011000011100100000100100101000101100110000110100010111111001
00000000010000100000110001000001010001100001110010000010010010100010110011000011010001011111100010
00000000010000100000110001000001010001100001110010000010010010100010110011000011010001011111100011
00000000010000100000110001000001010001100001110010000010010010100010110011000011010001011111100100
00000000010000100000110001000001010001100001110010000010010010100010110011000011010001011111100101
00000000010000100000110001000001010001100001110010000010010010100010110011000011010001011111100110
00000000010000100000110001000001010001100001110010000010010010100010110011000011010001011111100111
00000000010000100000110001000001010001100001110010000010010010100010110011000011010001011111101000
00000000010000100000110001000001010001100001110010000010010010100010110011000011010001011111101001
00000000010000100000110001000001010001100001110010000010010010100010110011000011010001011111101010
00000000010000100000110001000001010001100001110010000010010010100010110011000011010001011111101011
00000000010000100000110001000001010001100001110010000010010010100010110011000011010001011111101100
00000000010000100000110001000001010001100001110010000010010010100010110011000011010001011111101101
00000000010000100000110001000001010001100001110010000010010010100010110011000011010001011111101110
000000000100001000001100010000010100011000011100100000100100101000101100110000110100010111111011
0000000001000010000011000100000101000110000111001000001001001010001011001100001101000101111100
000000000100001000001100010000010100011000011100100000100100101000101100110000110100010111110001
000000000100001000001100010000010100011000011100100000100100101000101100110000110100010111110010
000000000100001000001100010000010100011000011100100000100100101000101100110000110100010111110011
000000000100001000001100010000010100011000011100100000100100101000101100110000110100010111110100
000000000100001000001100010000010100011000011100100000100100101000101100110000110100010111110101
000000000100001000001100010000010100011000011100100000100100101000101100110000110100010111110110
000000000100001000001100010000010100011000011100100000100100101000101100110000110100010111110111
000000000100001000001100010000010100011000011100100000100100101000101100110000110100010111111000
000000000100001000001100010000010100011000011100100000100100101000101100110000110100010111111001
000000000100001000001100010000010100011000011100100000100100101000101100110000110100010111111010
000000000100001000001100010000010100011000011100100000100100101000101100110000110100010111111011
000000000100001000001100010000010100011000011100100000100100101000101100110000110100010111111100
000000000100001000001100010000010100011000011100100000100100101000101100110000110100010111111101
000000000100001000001100010000010100011000011100100000100100101000101100110000110100010111111110
0000000001000010000011000100000101000110000111001000001001001010001011001100001101000101111111
000000000100001000001100010000010100011000011100100000100100101000101100110000110100011000001110
0000000001000010000011000100000101000110000111001000001001001010001011001100001101000110000011
000000000100001000001100010000010100011000011100100000100100101000101100110000110100011000000100
00000000010000100000110001000001010001100001110010000010010010100010110011000011010001100000010001
00000000010000100000110001000001010001100001110010000010010010100010110011000011010001100000010010
00000000010000100000110001000001010001100001110010000010010010100010110011000011010001100000010011
00000000010000100000110001000001010001100001110010000010010010100010110011000011010001100000010100
00000000010000100000110001000001010001100001110010000010010010100010110011000011010001100000010101
00000000010000100000110001000001010001100001110010000010010010100010110011000011010001100000010110
00000000010000100000110001000001010001100001110010000010010010100010110011000011010001100000010111
00000000010000100000110001000001010001100001110010000010010010100010110011000011010001100000011001
00000000010000100000110001000001010001100001110010000010010010100010110011000011010001100000011010
00000000010000100000110001000001010001100001110010000010010010100010110011000011010001100000011011
00000000010000100000110001000001010001100001110010000010010010100010110011000011010001100000011100
00000000010000100000110001000001010001100001110010000010010010100010110011000011010001100000011101
000000000100001000001100010000010100011000011100100000100100101000101100110000110100011000000110
000000000100001000001100010000010100011000011100100000100100101000101100110000110100011000000111
000000000100001000001100010000010100011000011100100000100100101000101100110000110100011000001000
000000000100001000001100010000010100011000011100100000100100101000101100110000110100011000001001
00000000010000100000110001000001010001100001110010000010010010100010110011000011010001100000100010
00000000010000100000110001000001010001100001110010000010010010100010110011000011010001100000100011
00000000010000100000110001000001010001100001110010000010010010100010110011000011010001100000100100
00000000010000100000110001000001010001100001110010000010010010100010110011000011010001100000100101
00000000010000100000110001000001010001100001110010000010010010100010110011000011010001100000100110
00000000010000100000110001000001010001100001110010000010010010100010110011000011010001100000100111
00000000010000100000110001000001010001100001110010000010010010100010110011000011010001100000101000
00000000010000100000110001000001010001100001110010000010010010100010110011000011010001100000101001
00000000010000100000110001000001010001100001110010000010010010100010110011000011010001100000101010
00000000010000100000110001000001010001100001110010000010010010100010110011000011010001100000101011
00000000010000100000110001000001010001100001110010000010010010100010110011000011010001100000101100
00000000010000100000110001000001010001100001110010000010010010100010110011000011010001100000101101
00000000010000100000110001000001010001100001110010000010010010100010110011000011010001100000101110
000000000100001000001100010000010100011000011100100000100100101000101100110000110100011000001011
000000000100001000001100010000010100011000011100100000100100101000101100110000110100011000001100
00000000010000100000110001000001010001100001110010000010010010100010110011000011010001100000110001
00000000010000100000110001000001010001100001110010000010010010100010110011000011010001100000110010
00000000010000100000110001000001010001100001110010000010010010100010110011000011010001100000110011
00000000010000100000110001000001010001100001110010000010010010100010110011000011010001100000110100
00000000010000100000110001000001010001100001110010000010010010100010110011000011010001100000110101
00000000010000100000110001000001010001100001110010000010010010100010110011000011010001100000110110
00000000010000100000110001000001010001100001110010000010010010100010110011000011010001100000110111
00000000010000100000110001000001010001100001110010000010010010100010110011000011010001100000111000
00000000010000100000110001000001010001100001110010000010010010100010110011000011010001100000111001
00000000010000100000110001000001010001100001110010000010010010100010110011000011010001100000111010
00000000010000100000110001000001010001100001110010000010010010100010110011000011010001100000111011
000000000100001000001100010000010100011000011100100000100100101000101100110000110100011000001100
000000000100001000001100010000010100011000011100100000100100101000101100110000110100011000001101
000000000100001000001100010000010100011000011100100000100100101000101100110000110100011000001110
000000000100001000001100010000010100011000011100100000100100101000101100110000110100011000001111
000000000100001000001100010000010100011000011100100000100100101000101100110000110100011000010000
000000000100001000001100010000010100011000011100100000100100101000101100110000110100011000010001
000000000100001000001100010000010100011000011100100000100100101000101100110000110100011000010010
000000000100001000001100010000010100011000011100100000100100101000101100110000110100011000010011
00000000010000100000110001000001010001100001110010000010010010100010110011000011010001100001000100
00000000010000100000110001000001010001100001110010000010010010100010110011000011010001100001000101
00000000010000100000110001000001010001100001110010000010010010100010110011000011010001100001000110
00000000010000100000110001000001010001100001110010000010010010100010110011000011010001100001000111
00000000010000100000110001000001010001100001110010000010010010100010110011000011010001100001001000
00000000010000100000110001000001010001100001110010000010010010100010110011000011010001100001001001
00000000010000100000110001000001010001100001110010000010010010100010110011000011010001100001001010
00000000010000100000110001000001010001100001110010000010010010100010110011000011010001100001001011
00000000010000100000110001000001010001100001110010000010010010100010110011000011010001100001001100
00000000010000100000110001000001010001100001110010000010010010100010110011000011010001100001001101
00000000010000100000110001000001010001100001110010000010010010100010110011000011010001100001001110
000000000100001000001100010000010100011000011100100000100100101000101100110000110100011000010011
000000000100001000001100010000010100011000011100100000100100101000101100110000110100011000010100
00000000010000100000110001000001010001100001110010000010010010100010110011000011010001100001010001
00000000010000100000110001000001010001100001110010000010010010100010110011000011010001100001010010
00000000010000100000110001000001010001100001110010000010010010100010110011000011010001100001010011
00000000010000100000110001000001010001100001110010000010010010100010110011000011010001100001010100
00000000010000100000110001000001010001100001110010000010010010100010110011000011010001100001010101
00000000010000100000110001000001010001100001110010000010010010100010110011000011010001100001010110
00000000010000100000110001000001010001100001110010000010010010100010110011000011010001100001010111
00000000010000100000110001000001010001100001110010000010010010100010110011000011010001100001011000
00000000010000100000110001000001010001100001110010000010010010100010110011000011010001100001011001
00000000010000100000110001000001010001100001110010000010010010100010110011000011010001100001011010
00000000010000100000110001000001010001100001110010000010010010100010110011000011010001100001011011
00000000010000100000110001000001010001100001110010000010010010100010110011000011010001100001011100
00000000010000100000110001000001010001100001110010000010010010100010110011000011010001100001011101
000000000100001000001100010000010100011000011100100000100100101000101100110000110100011000010110
000000000100001000001100010000010100011000011100100000100100101000101100110000110100011000010111
000000000100001000001100010000010100011000011100100000100100101000101100110000110100011000011000
000000000100001000001100010000010100011000011100100000100100101000101100110000110100011000011001
00000000010000100000110001000001010001100001110010000010010010100010110011000011010001100001100010
00000000010000100000110001000001010001100001110010000010010010100010110011000011010001100001100011
00000000010000100000110001000001010001100001110010000010010010100010110011000011010001100001100100
